HITBOX
793 155    2474 156
1321 1325    2475 1326
2342 893    2572 894
2379 1229    2475 1230
2416 1369    2417 1370
2416 1371    2417 1372
2416 1373    2417 1374
2416 1375    2417 1376
2416 1377    2417 1378
2416 1379    2417 1380
2416 1381    2417 1382
2416 1383    2417 1384
2416 1385    2417 1386
2416 1387    2417 1388
2416 1389    2417 1390
2416 1391    2417 1392
2416 1393    2417 1394
2416 1395    2417 1396
2416 1397    2417 1398
2416 1399    2417 1400
2416 1401    2417 1402
2416 1403    2417 1404
2416 1405    2417 1406
2416 1407    2417 1408
2416 1409    2417 1410
2416 1411    2417 1412
2416 1413    2417 1414
2416 1415    2417 1416
2416 1417    2417 1418
2416 1419    2417 1420
2416 1421    2417 1422
2416 1423    2417 1424
2416 1425    2417 1426
2416 1427    2417 1428
2416 1429    2417 1430
2416 1431    2417 1432
2416 1433    2417 1434
2416 1435    2417 1436
2416 1437    2417 1438
2416 1439    2417 1440
2416 1441    3163 1442
2416 1443    2417 1444
2416 1528    2535 1529
2416 1530    2417 1531
2416 1532    2417 1533
2416 1534    2417 1535
2416 1536    2417 1537
2416 1538    2417 1539
2416 1540    2417 1541
2416 1542    2417 1543
2416 1544    2417 1545
2416 1546    2417 1547
2416 1548    2417 1549
2416 1550    2417 1551
2416 1552    2417 1553
2416 1554    2417 1555
2416 1556    2417 1557
2416 1558    2417 1559
2416 1560    2417 1561
2416 1562    2417 1563
2416 1564    2417 1565
2416 1566    2417 1567
2416 1568    2417 1569
2416 1570    2417 1571
2416 1572    2417 1573
2416 1574    2417 1575
2416 1576    2417 1577
2416 1578    2417 1579
2416 1580    2417 1581
2416 1582    2417 1583
2416 1584    2417 1585
2416 1586    2417 1587
2416 1588    2417 1589
2416 1590    2417 1591
2416 1592    2417 1593
2416 1594    2417 1595
2416 1596    2417 1597
2416 1598    2417 1599
2416 1600    2417 1601
2416 1602    2417 1603
2416 1604    2417 1605
2416 1606    2417 1607
2416 1608    2417 1609
2416 1610    2417 1611
2416 1612    2417 1613
2416 1614    2417 1615
2416 1616    2417 1617
2416 1618    2417 1619
2416 1620    2417 1621
2416 1622    2793 1623
2416 1624    2417 1625
2418 1443    2419 1444
2418 1624    2419 1625
2420 1443    2421 1444
2420 1624    2421 1625
2422 1443    2423 1444
2422 1624    2423 1625
2424 1443    2425 1444
2424 1624    2425 1625
2426 1443    2427 1444
2426 1624    2427 1625
2428 1443    2429 1444
2428 1624    2429 1625
2430 1443    2431 1444
2430 1624    2431 1625
2432 1443    2433 1444
2432 1624    2433 1625
2434 1443    2435 1444
2434 1624    2435 1625
2436 1443    2437 1444
2436 1624    2437 1625
2438 1443    2439 1444
2438 1624    2439 1625
2440 1443    2441 1444
2440 1624    2441 1625
2442 1443    2443 1444
2442 1624    2443 1625
2444 1443    2445 1444
2444 1624    2445 1625
2446 1443    2447 1444
2446 1624    2447 1625
2448 1443    2449 1444
2448 1624    2449 1625
2450 1443    2451 1444
2450 1624    2451 1625
2452 1443    2453 1444
2452 1624    2453 1625
2454 1443    2455 1444
2454 1624    2455 1625
2456 1443    2457 1444
2456 1624    2457 1625
2458 1443    2459 1444
2458 1624    2459 1625
2460 1443    2461 1444
2460 1624    2461 1625
2462 1443    2463 1444
2462 1624    2463 1625
2464 1443    2465 1444
2464 1624    2465 1625
2466 1443    2467 1444
2466 1624    2467 1625
2468 1443    2469 1444
2468 1624    2469 1625
2470 1443    2471 1444
2470 1624    2471 1625
2472 1443    2473 1444
2472 1624    2473 1625
2474 1327    2475 1328
2474 1329    2475 1330
2474 1331    2475 1332
2474 1333    2475 1334
2474 1335    2475 1336
2474 1337    2475 1338
2474 1339    2475 1340
2474 1341    2475 1342
2474 1343    2475 1344
2474 1345    2475 1346
2474 1347    2475 1348
2474 1349    2475 1350
2474 1351    2475 1352
2474 1353    2475 1354
2474 1355    2475 1356
2474 1357    2475 1358
2474 1359    2475 1360
2474 1361    2475 1362
2474 1363    2475 1364
2474 1365    2475 1366
2474 1367    2475 1368
2474 1369    2475 1370
2474 1371    2475 1372
2474 1373    2475 1374
2474 1375    2475 1376
2474 1377    2475 1378
2474 1379    2475 1380
2474 1381    2475 1382
2474 1383    2475 1384
2474 1385    2475 1386
2474 1387    2475 1388
2474 1389    2475 1390
2474 1391    2475 1392
2474 1393    2475 1394
2474 1395    2475 1396
2474 1397    2475 1398
2474 1399    2475 1400
2474 1443    2475 1444
2474 1624    2475 1625
2476 1181    2572 1182
2476 1277    2572 1278
2476 1443    2477 1444
2476 1624    2477 1625
2478 1443    2479 1444
2478 1624    2479 1625
2480 1443    2481 1444
2480 1624    2481 1625
2482 1443    2483 1444
2482 1624    2483 1625
2484 1443    2485 1444
2484 1624    2485 1625
2486 1443    2487 1444
2486 1624    2487 1625
2488 1443    2489 1444
2488 1624    2489 1625
2490 1443    2491 1444
2490 1624    2491 1625
2492 1443    2493 1444
2492 1624    2493 1625
2494 1443    2495 1444
2494 1624    2495 1625
2496 1443    2497 1444
2496 1624    2497 1625
2498 1443    2499 1444
2498 1624    2499 1625
2500 1443    2501 1444
2500 1624    2501 1625
2502 1443    2503 1444
2502 1624    2503 1625
2504 1443    2505 1444
2504 1624    2505 1625
2506 1443    2507 1444
2506 1624    2507 1625
2508 1443    2509 1444
2508 1624    2509 1625
2510 1443    2511 1444
2510 1624    2511 1625
2512 1443    2513 1444
2512 1624    2513 1625
2514 1443    2515 1444
2514 1624    2515 1625
2516 1443    2517 1444
2516 1624    2517 1625
2518 1443    2519 1444
2518 1624    2519 1625
2520 1443    2521 1444
2520 1624    2521 1625
2522 1443    2523 1444
2522 1624    2523 1625
2524 1443    2525 1444
2524 1624    2525 1625
2526 1443    2527 1444
2526 1624    2527 1625
2528 1443    2529 1444
2528 1624    2529 1625
2530 1443    2531 1444
2530 1624    2531 1625
2532 1443    2533 1444
2532 1624    2533 1625
2534 1443    2535 1444
2534 1530    2535 1531
2534 1532    2535 1533
2534 1534    2535 1535
2534 1536    2535 1537
2534 1538    2535 1539
2534 1540    2535 1541
2534 1542    2535 1543
2534 1544    2535 1545
2534 1546    2535 1547
2534 1548    2535 1549
2534 1550    2535 1551
2534 1552    2535 1553
2534 1554    2535 1555
2534 1556    2535 1557
2534 1558    2535 1559
2534 1560    2535 1561
2534 1562    2535 1563
2534 1564    2535 1565
2534 1566    2535 1567
2534 1568    2535 1569
2534 1570    2535 1571
2534 1572    2535 1573
2534 1574    2535 1575
2534 1576    2535 1577
2534 1578    2535 1579
2534 1580    2535 1581
2534 1624    2535 1625
2536 1443    2537 1444
2536 1624    2537 1625
2538 1443    2539 1444
2538 1624    2539 1625
2540 825    2541 826
2540 827    2541 828
2540 829    2541 830
2540 831    2541 832
2540 833    2541 834
2540 835    2541 836
2540 837    2541 838
2540 839    2541 840
2540 841    2541 842
2540 843    2541 844
2540 845    2541 846
2540 847    2541 848
2540 849    2541 850
2540 851    2541 852
2540 853    2541 854
2540 855    2541 856
2540 857    2541 858
2540 859    2541 860
2540 861    2541 862
2540 863    2541 864
2540 865    2541 866
2540 867    2541 868
2540 869    2541 870
2540 871    2541 872
2540 1443    2541 1444
2540 1624    2541 1625
2542 1443    2543 1444
2542 1624    2543 1625
2544 1443    2545 1444
2544 1624    2545 1625
2546 1443    2547 1444
2546 1624    2547 1625
2548 1443    2549 1444
2548 1624    2549 1625
2550 1443    2551 1444
2550 1624    2551 1625
2552 1443    2553 1444
2552 1624    2553 1625
2554 743    2860 744
2554 745    2555 746
2554 747    2555 748
2554 749    2555 750
2554 751    2555 752
2554 753    2555 754
2554 755    2555 756
2554 757    2555 758
2554 759    2555 760
2554 761    2555 762
2554 763    2555 764
2554 765    2555 766
2554 767    2555 768
2554 769    2555 770
2554 771    2555 772
2554 773    2555 774
2554 775    2555 776
2554 777    2555 778
2554 779    2555 780
2554 781    2555 782
2554 783    2555 784
2554 785    2555 786
2554 787    2555 788
2554 789    2555 790
2554 791    2555 792
2554 793    2555 794
2554 795    2555 796
2554 797    2555 798
2554 799    2555 800
2554 801    2555 802
2554 803    2555 804
2554 805    2555 806
2554 807    2555 808
2554 809    2555 810
2554 1443    2555 1444
2554 1624    2555 1625
2556 1443    2557 1444
2556 1624    2557 1625
2558 1443    2559 1444
2558 1624    2559 1625
2560 1443    2561 1444
2560 1624    2561 1625
2562 1443    2563 1444
2562 1624    2563 1625
2564 1443    2565 1444
2564 1624    2565 1625
2566 1443    2567 1444
2566 1624    2567 1625
2568 1443    2569 1444
2568 1624    2569 1625
2570 1443    2571 1444
2570 1624    2571 1625
2572 1443    2573 1444
2572 1624    2573 1625
2573 941    2669 942
2573 989    2669 990
2573 1037    2669 1038
2573 1085    2669 1086
2573 1133    2669 1134
2573 1229    2669 1230
2573 1325    2669 1326
2574 1443    2575 1444
2574 1624    2575 1625
2576 1443    2577 1444
2576 1624    2577 1625
2578 1443    2579 1444
2578 1624    2579 1625
2580 1443    2581 1444
2580 1624    2581 1625
2582 1443    2583 1444
2582 1528    2701 1529
2582 1624    2583 1625
2584 1443    2585 1444
2584 1624    2585 1625
2586 1443    2587 1444
2586 1624    2587 1625
2588 1443    2589 1444
2588 1624    2589 1625
2590 1443    2591 1444
2590 1624    2591 1625
2592 1443    2593 1444
2592 1624    2593 1625
2594 1443    2595 1444
2594 1624    2595 1625
2596 1443    2597 1444
2596 1624    2597 1625
2598 1443    2599 1444
2598 1624    2599 1625
2600 1443    2601 1444
2600 1624    2601 1625
2602 1443    2603 1444
2602 1624    2603 1625
2604 1443    2605 1444
2604 1624    2605 1625
2606 1443    2607 1444
2606 1624    2607 1625
2608 1443    2609 1444
2608 1624    2609 1625
2610 1443    2611 1444
2610 1624    2611 1625
2612 1443    2613 1444
2612 1624    2613 1625
2614 1443    2615 1444
2614 1624    2615 1625
2616 1443    2617 1444
2616 1624    2617 1625
2618 817    2619 818
2618 819    2619 820
2618 821    2619 822
2618 823    2619 824
2618 825    2619 826
2618 827    2619 828
2618 829    2619 830
2618 831    2619 832
2618 833    2619 834
2618 835    2619 836
2618 837    2619 838
2618 839    2619 840
2618 841    2619 842
2618 843    2619 844
2618 845    2619 846
2618 847    2619 848
2618 849    2619 850
2618 851    2619 852
2618 853    2619 854
2618 855    2619 856
2618 857    2619 858
2618 859    2619 860
2618 1443    2619 1444
2618 1624    2619 1625
2620 1443    2621 1444
2620 1624    2621 1625
2622 1443    2623 1444
2622 1624    2623 1625
2624 1443    2625 1444
2624 1624    2625 1625
2626 1443    2627 1444
2626 1624    2627 1625
2628 1443    2629 1444
2628 1624    2629 1625
2630 1443    2631 1444
2630 1624    2631 1625
2632 1443    2633 1444
2632 1624    2633 1625
2634 1443    2635 1444
2634 1624    2635 1625
2636 1443    2637 1444
2636 1624    2637 1625
2638 1443    2639 1444
2638 1624    2639 1625
2640 1443    2641 1444
2640 1624    2641 1625
2642 1443    2643 1444
2642 1624    2643 1625
2644 1443    2645 1444
2644 1624    2645 1625
2646 1443    2647 1444
2646 1624    2647 1625
2648 1443    2649 1444
2648 1624    2649 1625
2650 1443    2651 1444
2650 1624    2651 1625
2652 1443    2653 1444
2652 1624    2653 1625
2654 1443    2655 1444
2654 1624    2655 1625
2655 745    2656 746
2655 747    2656 748
2655 749    2656 750
2655 751    2656 752
2655 753    2656 754
2655 755    2656 756
2655 757    2656 758
2655 759    2656 760
2655 761    2656 762
2655 763    2656 764
2655 765    2656 766
2655 767    2656 768
2655 769    2656 770
2655 771    2656 772
2655 773    2656 774
2655 775    2656 776
2655 777    2656 778
2655 779    2656 780
2655 781    2656 782
2655 783    2656 784
2655 785    2656 786
2655 787    2656 788
2655 789    2656 790
2655 791    2656 792
2655 793    2656 794
2655 795    2656 796
2655 797    2656 798
2655 799    2656 800
2655 801    2656 802
2655 803    2656 804
2655 805    2656 806
2655 807    2656 808
2655 809    2656 810
2656 1443    2657 1444
2656 1624    2657 1625
2658 1443    2659 1444
2658 1624    2659 1625
2660 1443    2661 1444
2660 1624    2661 1625
2662 1443    2663 1444
2662 1624    2663 1625
2664 1443    2665 1444
2664 1624    2665 1625
2666 1443    2667 1444
2666 1624    2667 1625
2668 1443    2669 1444
2668 1624    2669 1625
2670 893    3423 894
2670 1181    2766 1182
2670 1277    2766 1278
2670 1443    2671 1444
2670 1624    2671 1625
2672 1443    2673 1444
2672 1624    2673 1625
2674 1443    2675 1444
2674 1624    2675 1625
2676 1443    2677 1444
2676 1624    2677 1625
2678 1443    2679 1444
2678 1624    2679 1625
2680 1443    2681 1444
2680 1624    2681 1625
2682 1443    2683 1444
2682 1624    2683 1625
2684 1443    2685 1444
2684 1624    2685 1625
2686 1443    2687 1444
2686 1624    2687 1625
2688 1443    2689 1444
2688 1624    2689 1625
2690 1443    2691 1444
2690 1624    2691 1625
2692 1443    2693 1444
2692 1624    2693 1625
2694 1443    2695 1444
2694 1624    2695 1625
2696 1443    2697 1444
2696 1624    2697 1625
2698 1443    2699 1444
2698 1624    2699 1625
2700 1443    2701 1444
2700 1530    2701 1531
2700 1532    2701 1533
2700 1534    2701 1535
2700 1536    2701 1537
2700 1538    2701 1539
2700 1540    2701 1541
2700 1542    2701 1543
2700 1544    2701 1545
2700 1546    2701 1547
2700 1548    2701 1549
2700 1550    2701 1551
2700 1552    2701 1553
2700 1554    2701 1555
2700 1556    2701 1557
2700 1558    2701 1559
2700 1560    2701 1561
2700 1562    2701 1563
2700 1564    2701 1565
2700 1566    2701 1567
2700 1568    2701 1569
2700 1570    2701 1571
2700 1572    2701 1573
2700 1574    2701 1575
2700 1576    2701 1577
2700 1578    2701 1579
2700 1580    2701 1581
2700 1624    2701 1625
2702 1443    2703 1444
2702 1624    2703 1625
2704 1443    2705 1444
2704 1624    2705 1625
2706 1443    2707 1444
2706 1624    2707 1625
2708 1443    2709 1444
2708 1624    2709 1625
2710 1443    2711 1444
2710 1624    2711 1625
2712 1443    2713 1444
2712 1624    2713 1625
2714 1443    2715 1444
2714 1624    2715 1625
2716 1443    2717 1444
2716 1624    2717 1625
2718 1443    2719 1444
2718 1624    2719 1625
2719 817    2720 818
2719 819    2720 820
2719 821    2720 822
2719 823    2720 824
2719 825    2720 826
2719 827    2720 828
2719 829    2720 830
2719 831    2720 832
2719 833    2720 834
2719 835    2720 836
2719 837    2720 838
2719 839    2720 840
2719 841    2720 842
2719 843    2720 844
2719 845    2720 846
2719 847    2720 848
2719 849    2720 850
2719 851    2720 852
2719 853    2720 854
2719 855    2720 856
2719 857    2720 858
2719 859    2720 860
2720 1443    2721 1444
2720 1624    2721 1625
2722 1443    2723 1444
2722 1624    2723 1625
2724 1443    2725 1444
2724 1624    2725 1625
2726 1443    2727 1444
2726 1624    2727 1625
2728 1443    2729 1444
2728 1624    2729 1625
2730 1443    2731 1444
2730 1624    2731 1625
2732 1443    2733 1444
2732 1624    2733 1625
2734 1443    2735 1444
2734 1624    2735 1625
2736 1443    2737 1444
2736 1624    2737 1625
2738 1443    2739 1444
2738 1624    2739 1625
2740 1443    2741 1444
2740 1624    2741 1625
2742 1443    2743 1444
2742 1624    2743 1625
2744 1443    2745 1444
2744 1624    2745 1625
2746 1443    2747 1444
2746 1624    2747 1625
2748 1443    2749 1444
2748 1528    2867 1529
2748 1624    2749 1625
2750 1443    2751 1444
2750 1624    2751 1625
2752 1443    2753 1444
2752 1624    2753 1625
2754 1443    2755 1444
2754 1624    2755 1625
2756 745    2757 746
2756 747    2757 748
2756 749    2757 750
2756 751    2757 752
2756 753    2757 754
2756 755    2757 756
2756 757    2757 758
2756 759    2757 760
2756 761    2757 762
2756 763    2757 764
2756 765    2757 766
2756 767    2757 768
2756 769    2757 770
2756 771    2757 772
2756 773    2757 774
2756 775    2757 776
2756 777    2757 778
2756 779    2757 780
2756 781    2757 782
2756 783    2757 784
2756 785    2757 786
2756 787    2757 788
2756 789    2757 790
2756 791    2757 792
2756 793    2757 794
2756 795    2757 796
2756 797    2757 798
2756 799    2757 800
2756 801    2757 802
2756 803    2757 804
2756 805    2757 806
2756 807    2757 808
2756 809    2757 810
2756 1443    2757 1444
2756 1624    2757 1625
2758 1443    2759 1444
2758 1624    2759 1625
2760 1443    2761 1444
2760 1624    2761 1625
2762 1443    2763 1444
2762 1624    2763 1625
2764 1443    2765 1444
2764 1624    2765 1625
2766 1443    2767 1444
2766 1624    2767 1625
2767 1229    2863 1230
2767 1325    3002 1326
2768 1443    2769 1444
2768 1624    2769 1625
2770 1443    2771 1444
2770 1624    2771 1625
2772 1443    2773 1444
2772 1624    2773 1625
2774 1443    2775 1444
2774 1624    2775 1625
2776 1443    2777 1444
2776 1624    2777 1625
2778 1443    2779 1444
2778 1624    2779 1625
2780 1443    2781 1444
2780 1624    2781 1625
2782 1443    2783 1444
2782 1624    2783 1625
2784 1443    2785 1444
2784 1624    2785 1625
2786 1443    2787 1444
2786 1624    2787 1625
2788 1443    2789 1444
2788 1624    2789 1625
2790 1443    2791 1444
2790 1624    2791 1625
2792 1443    2793 1444
2792 1624    2793 1625
2794 1443    2795 1444
2796 1443    2797 1444
2798 1443    2799 1444
2800 1443    2801 1444
2802 1443    2803 1444
2804 1443    2805 1444
2806 1443    2807 1444
2808 1443    2809 1444
2810 1443    2811 1444
2812 1443    2813 1444
2814 1443    2815 1444
2816 1443    2817 1444
2818 1443    2819 1444
2820 1443    2821 1444
2822 1443    2823 1444
2824 1443    2825 1444
2826 1443    2827 1444
2828 1443    2829 1444
2830 1443    2831 1444
2832 1443    2833 1444
2834 1443    2835 1444
2836 1443    2837 1444
2838 1443    2839 1444
2840 1443    2841 1444
2842 1443    2843 1444
2844 1443    2845 1444
2846 1443    2847 1444
2848 1443    2849 1444
2850 1443    2851 1444
2852 1443    2853 1444
2854 1443    2855 1444
2856 1443    2857 1444
2858 1443    2859 1444
2860 1443    2861 1444
2862 1443    2863 1444
2864 1443    2865 1444
2866 1443    2867 1444
2866 1530    2867 1531
2866 1532    2867 1533
2866 1534    2867 1535
2866 1536    2867 1537
2866 1538    2867 1539
2866 1540    2867 1541
2866 1542    2867 1543
2866 1544    2867 1545
2866 1546    2867 1547
2866 1548    2867 1549
2866 1550    2867 1551
2866 1552    2867 1553
2866 1554    2867 1555
2866 1556    2867 1557
2866 1558    2867 1559
2866 1560    2867 1561
2866 1562    2867 1563
2866 1564    2867 1565
2866 1566    2867 1567
2866 1568    2867 1569
2866 1570    2867 1571
2866 1572    2867 1573
2866 1574    2867 1575
2866 1576    2867 1577
2866 1578    2867 1579
2866 1580    2867 1581
2866 1623    2959 1624
2868 1443    2869 1444
2870 1443    2871 1444
2872 1443    2873 1444
2874 1443    2875 1444
2876 1443    2877 1444
2878 1443    2879 1444
2880 1443    2881 1444
2882 1443    2883 1444
2884 1443    2885 1444
2886 1443    2887 1444
2888 1443    2889 1444
2890 1443    2891 1444
2892 1443    2893 1444
2894 1443    2895 1444
2896 1443    2897 1444
2898 1443    2899 1444
2900 1443    2901 1444
2902 1443    2903 1444
2904 1443    2905 1444
2906 1443    2907 1444
2908 1443    2909 1444
2910 1443    2911 1444
2912 1443    2913 1444
2914 1443    2915 1444
2914 1528    3033 1529
2916 1443    2917 1444
2918 1443    2919 1444
2920 1443    2921 1444
2922 1443    2923 1444
2924 1443    2925 1444
2926 1443    2927 1444
2928 1443    2929 1444
2930 1443    2931 1444
2932 1443    2933 1444
2934 1443    2935 1444
2936 1443    2937 1444
2938 1443    2939 1444
2940 1443    2941 1444
2942 1443    2943 1444
2944 1443    2945 1444
2946 1443    2947 1444
2948 1443    2949 1444
2950 1443    2951 1444
2952 1443    2953 1444
2954 1443    2955 1444
2956 1443    2957 1444
2958 1443    2959 1444
2960 1443    2961 1444
2962 1443    2963 1444
2964 1443    2965 1444
2966 1443    2967 1444
2968 1443    2969 1444
2970 1443    2971 1444
2972 1443    2973 1444
2974 1443    2975 1444
2976 1443    2977 1444
2978 1443    2979 1444
2980 1443    2981 1444
2982 1443    2983 1444
2984 1443    2985 1444
2986 1443    2987 1444
2988 1443    2989 1444
2990 1443    2991 1444
2992 1443    2993 1444
2994 1443    2995 1444
2996 1443    2997 1444
2998 1443    2999 1444
2999 1398    3086 1399
3000 1443    3001 1444
3001 1254    3027 1255
3001 1256    3002 1257
3001 1258    3002 1259
3001 1260    3002 1261
3001 1262    3002 1263
3001 1264    3002 1265
3001 1266    3002 1267
3001 1268    3002 1269
3001 1270    3002 1271
3001 1272    3002 1273
3001 1274    3002 1275
3001 1276    3002 1277
3001 1278    3002 1279
3001 1280    3002 1281
3001 1282    3002 1283
3001 1284    3002 1285
3001 1286    3002 1287
3001 1288    3002 1289
3001 1290    3002 1291
3001 1292    3002 1293
3001 1294    3002 1295
3001 1296    3002 1297
3001 1298    3002 1299
3001 1300    3002 1301
3001 1302    3002 1303
3001 1304    3002 1305
3001 1306    3002 1307
3001 1308    3002 1309
3001 1310    3002 1311
3001 1312    3002 1313
3001 1314    3002 1315
3001 1316    3002 1317
3001 1318    3002 1319
3001 1320    3002 1321
3001 1322    3002 1323
3001 1324    3002 1325
3002 1443    3003 1444
3004 1443    3005 1444
3006 1443    3007 1444
3008 1443    3009 1444
3010 1443    3011 1444
3012 1443    3013 1444
3014 1443    3015 1444
3016 1443    3017 1444
3018 1443    3019 1444
3020 1443    3021 1444
3022 1443    3023 1444
3024 1443    3025 1444
3026 1443    3027 1444
3028 1443    3029 1444
3030 1443    3031 1444
3032 1443    3033 1444
3032 1530    3033 1531
3032 1532    3033 1533
3032 1534    3033 1535
3032 1536    3033 1537
3032 1538    3033 1539
3032 1540    3033 1541
3032 1542    3033 1543
3032 1544    3033 1545
3032 1546    3033 1547
3032 1548    3033 1549
3032 1550    3033 1551
3032 1552    3033 1553
3032 1554    3033 1555
3032 1556    3033 1557
3032 1558    3033 1559
3032 1560    3033 1561
3032 1562    3033 1563
3032 1564    3033 1565
3032 1566    3033 1567
3032 1568    3033 1569
3032 1570    3033 1571
3032 1572    3033 1573
3032 1574    3033 1575
3032 1576    3033 1577
3032 1578    3033 1579
3032 1580    3033 1581
3032 1623    3423 1624
3034 1443    3035 1444
3036 1443    3037 1444
3038 1443    3039 1444
3040 1443    3041 1444
3042 1443    3043 1444
3044 1443    3045 1444
3046 1443    3047 1444
3048 1443    3049 1444
3050 1443    3051 1444
3052 1443    3053 1444
3054 1443    3055 1444
3055 1302    3086 1303
3055 1350    3086 1351
3056 1443    3057 1444
3058 1443    3059 1444
3060 1443    3061 1444
3062 1443    3063 1444
3064 1443    3065 1444
3066 1443    3067 1444
3068 1443    3069 1444
3070 1254    3255 1255
3070 1256    3071 1257
3070 1258    3071 1259
3070 1260    3071 1261
3070 1262    3071 1263
3070 1264    3071 1265
3070 1266    3071 1267
3070 1268    3071 1269
3070 1270    3071 1271
3070 1272    3071 1273
3070 1274    3071 1275
3070 1276    3071 1277
3070 1278    3071 1279
3070 1280    3071 1281
3070 1282    3071 1283
3070 1284    3071 1285
3070 1286    3071 1287
3070 1288    3071 1289
3070 1290    3071 1291
3070 1292    3071 1293
3070 1294    3071 1295
3070 1296    3071 1297
3070 1298    3071 1299
3070 1300    3071 1301
3070 1304    3071 1305
3070 1306    3071 1307
3070 1308    3071 1309
3070 1310    3071 1311
3070 1312    3071 1313
3070 1314    3071 1315
3070 1316    3071 1317
3070 1318    3071 1319
3070 1320    3071 1321
3070 1322    3071 1323
3070 1324    3071 1325
3070 1326    3071 1327
3070 1328    3071 1329
3070 1330    3071 1331
3070 1332    3071 1333
3070 1334    3071 1335
3070 1336    3071 1337
3070 1338    3071 1339
3070 1340    3071 1341
3070 1342    3071 1343
3070 1344    3071 1345
3070 1346    3071 1347
3070 1348    3071 1349
3070 1352    3071 1353
3070 1354    3071 1355
3070 1356    3071 1357
3070 1358    3071 1359
3070 1360    3071 1361
3070 1362    3071 1363
3070 1364    3071 1365
3070 1366    3071 1367
3070 1368    3071 1369
3070 1370    3071 1371
3070 1372    3071 1373
3070 1374    3071 1375
3070 1376    3071 1377
3070 1378    3071 1379
3070 1380    3071 1381
3070 1382    3071 1383
3070 1384    3071 1385
3070 1386    3071 1387
3070 1388    3071 1389
3070 1390    3071 1391
3070 1392    3071 1393
3070 1394    3071 1395
3070 1396    3071 1397
3070 1443    3071 1444
3072 1443    3073 1444
3074 1443    3075 1444
3076 1443    3077 1444
3078 1443    3079 1444
3080 1443    3081 1444
3082 1443    3083 1444
3084 1443    3085 1444
3086 1443    3087 1444
3088 1443    3089 1444
3090 1443    3091 1444
3092 1443    3093 1444
3094 1443    3095 1444
3096 1443    3097 1444
3098 1443    3099 1444
3100 1443    3101 1444
3102 1443    3103 1444
3104 1443    3105 1444
3106 1443    3107 1444
3108 1443    3109 1444
3110 1443    3111 1444
3112 1443    3113 1444
3114 1443    3115 1444
3116 1443    3117 1444
3118 1443    3119 1444
3120 1443    3121 1444
3122 1443    3123 1444
3124 1443    3125 1444
3126 1443    3127 1444
3128 1443    3129 1444
3130 1302    3368 1303
3130 1443    3131 1444
3132 1443    3133 1444
3134 1443    3135 1444
3136 1443    3137 1444
3138 1443    3139 1444
3139 1304    3140 1305
3139 1306    3140 1307
3139 1308    3140 1309
3139 1310    3140 1311
3139 1312    3140 1313
3139 1314    3140 1315
3139 1316    3140 1317
3139 1318    3140 1319
3139 1320    3140 1321
3139 1322    3140 1323
3139 1324    3140 1325
3139 1326    3140 1327
3139 1328    3140 1329
3139 1330    3140 1331
3139 1332    3140 1333
3139 1334    3140 1335
3139 1336    3140 1337
3139 1338    3140 1339
3139 1340    3140 1341
3139 1342    3140 1343
3139 1344    3140 1345
3139 1346    3140 1347
3139 1348    3140 1349
3139 1350    3140 1351
3139 1352    3140 1353
3139 1354    3140 1355
3139 1356    3140 1357
3139 1358    3140 1359
3139 1360    3140 1361
3139 1362    3140 1363
3139 1364    3140 1365
3139 1366    3140 1367
3139 1368    3140 1369
3139 1370    3140 1371
3139 1372    3140 1373
3139 1374    3140 1375
3139 1376    3140 1377
3139 1378    3140 1379
3139 1380    3140 1381
3139 1382    3140 1383
3139 1384    3140 1385
3139 1386    3140 1387
3139 1388    3140 1389
3139 1390    3140 1391
3139 1392    3140 1393
3139 1394    3140 1395
3139 1396    3140 1397
3139 1398    3140 1399
3139 1400    3140 1401
3139 1402    3140 1403
3139 1404    3140 1405
3139 1406    3140 1407
3139 1408    3140 1409
3139 1410    3140 1411
3139 1412    3140 1413
3139 1414    3140 1415
3139 1416    3140 1417
3139 1418    3140 1419
3139 1420    3140 1421
3139 1422    3140 1423
3139 1424    3140 1425
3139 1426    3140 1427
3139 1428    3140 1429
3139 1430    3140 1431
3139 1432    3140 1433
3139 1434    3140 1435
3139 1436    3140 1437
3139 1438    3140 1439
3139 1440    3140 1441
3140 1443    3141 1444
3142 1443    3143 1444
3144 1443    3145 1444
3146 1443    3147 1444
3148 1443    3149 1444
3150 1443    3151 1444
3152 1443    3153 1444
3154 1443    3155 1444
3156 1443    3157 1444
3158 1443    3159 1444
3159 1110    3255 1111
3159 1158    3255 1159
3159 1206    3255 1207
3160 1443    3161 1444
3162 1443    3163 1444
3174 1062    3368 1063
3174 1064    3175 1065
3174 1066    3175 1067
3174 1068    3175 1069
3174 1070    3175 1071
3174 1072    3175 1073
3174 1074    3175 1075
3174 1076    3175 1077
3174 1078    3175 1079
3174 1080    3175 1081
3174 1082    3175 1083
3174 1084    3175 1085
3174 1086    3175 1087
3174 1088    3175 1089
3174 1090    3175 1091
3174 1092    3175 1093
3174 1094    3175 1095
3174 1096    3175 1097
3174 1098    3175 1099
3174 1100    3175 1101
3174 1102    3175 1103
3174 1104    3175 1105
3174 1106    3175 1107
3174 1108    3175 1109
3174 1112    3175 1113
3174 1114    3175 1115
3174 1116    3175 1117
3174 1118    3175 1119
3174 1120    3175 1121
3174 1122    3175 1123
3174 1124    3175 1125
3174 1126    3175 1127
3174 1128    3175 1129
3174 1130    3175 1131
3174 1132    3175 1133
3174 1134    3175 1135
3174 1136    3175 1137
3174 1138    3175 1139
3174 1140    3175 1141
3174 1142    3175 1143
3174 1144    3175 1145
3174 1146    3175 1147
3174 1148    3175 1149
3174 1150    3175 1151
3174 1152    3175 1153
3174 1154    3175 1155
3174 1156    3175 1157
3174 1160    3175 1161
3174 1162    3175 1163
3174 1164    3175 1165
3174 1166    3175 1167
3174 1168    3175 1169
3174 1170    3175 1171
3174 1172    3175 1173
3174 1174    3175 1175
3174 1176    3175 1177
3174 1178    3175 1179
3174 1180    3175 1181
3174 1182    3175 1183
3174 1184    3175 1185
3174 1186    3175 1187
3174 1188    3175 1189
3174 1190    3175 1191
3174 1192    3175 1193
3174 1194    3175 1195
3174 1196    3175 1197
3174 1198    3175 1199
3174 1200    3175 1201
3174 1202    3175 1203
3174 1204    3175 1205
3174 1208    3175 1209
3174 1210    3175 1211
3174 1212    3175 1213
3174 1214    3175 1215
3174 1216    3175 1217
3174 1218    3175 1219
3174 1220    3175 1221
3174 1222    3175 1223
3174 1224    3175 1225
3174 1226    3175 1227
3174 1228    3175 1229
3174 1230    3175 1231
3174 1232    3175 1233
3174 1234    3175 1235
3174 1236    3175 1237
3174 1238    3175 1239
3174 1240    3175 1241
3174 1242    3175 1243
3174 1244    3175 1245
3174 1246    3175 1247
3174 1248    3175 1249
3174 1250    3175 1251
3174 1252    3175 1253
3367 1064    3368 1065
3367 1066    3368 1067
3367 1068    3368 1069
3367 1070    3368 1071
3367 1072    3368 1073
3367 1074    3368 1075
3367 1076    3368 1077
3367 1078    3368 1079
3367 1080    3368 1081
3367 1082    3368 1083
3367 1084    3368 1085
3367 1086    3368 1087
3367 1088    3368 1089
3367 1090    3368 1091
3367 1092    3368 1093
3367 1094    3368 1095
3367 1096    3368 1097
3367 1098    3368 1099
3367 1100    3368 1101
3367 1102    3368 1103
3367 1104    3368 1105
3367 1106    3368 1107
3367 1108    3368 1109
3367 1110    3368 1111
3367 1112    3368 1113
3367 1114    3368 1115
3367 1116    3368 1117
3367 1118    3368 1119
3367 1120    3368 1121
3367 1122    3368 1123
3367 1124    3368 1125
3367 1126    3368 1127
3367 1128    3368 1129
3367 1130    3368 1131
3367 1132    3368 1133
3367 1134    3368 1135
3367 1136    3368 1137
3367 1138    3368 1139
3367 1140    3368 1141
3367 1142    3368 1143
3367 1144    3368 1145
3367 1146    3368 1147
3367 1148    3368 1149
3367 1150    3368 1151
3367 1152    3368 1153
3367 1154    3368 1155
3367 1156    3368 1157
3367 1158    3368 1159
3367 1160    3368 1161
3367 1162    3368 1163
3367 1164    3368 1165
3367 1166    3368 1167
3367 1168    3368 1169
3367 1170    3368 1171
3367 1172    3368 1173
3367 1174    3368 1175
3367 1176    3368 1177
3367 1178    3368 1179
3367 1180    3368 1181
3367 1182    3368 1183
3367 1184    3368 1185
3367 1186    3368 1187
3367 1188    3368 1189
3367 1190    3368 1191
3367 1192    3368 1193
3367 1194    3368 1195
3367 1196    3368 1197
3367 1198    3368 1199
3367 1200    3368 1201
3367 1202    3368 1203
3367 1204    3368 1205
3367 1206    3368 1207
3367 1208    3368 1209
3367 1210    3368 1211
3367 1212    3368 1213
3367 1214    3368 1215
3367 1216    3368 1217
3367 1218    3368 1219
3367 1220    3368 1221
3367 1222    3368 1223
3367 1224    3368 1225
3367 1226    3368 1227
3367 1228    3368 1229
3367 1230    3368 1231
3367 1232    3368 1233
3367 1234    3368 1235
3367 1236    3368 1237
3367 1238    3368 1239
3367 1240    3368 1241
3367 1242    3368 1243
3367 1244    3368 1245
3367 1246    3368 1247
3367 1248    3368 1249
3367 1250    3368 1251
3367 1252    3368 1253
3367 1254    3368 1255
3367 1256    3368 1257
3367 1258    3368 1259
3367 1260    3368 1261
3367 1262    3368 1263
3367 1264    3368 1265
3367 1266    3368 1267
3367 1268    3368 1269
3367 1270    3368 1271
3367 1272    3368 1273
3367 1274    3368 1275
3367 1276    3368 1277
3367 1278    3368 1279
3367 1280    3368 1281
3367 1282    3368 1283
3367 1284    3368 1285
3367 1286    3368 1287
3367 1288    3368 1289
3367 1290    3368 1291
3367 1292    3368 1293
3367 1294    3368 1295
3367 1296    3368 1297
3367 1298    3368 1299
3367 1300    3368 1301
3422 895    3423 896
3422 897    3423 898
3422 899    3423 900
3422 901    3423 902
3422 903    3423 904
3422 905    3423 906
3422 907    3423 908
3422 909    3423 910
3422 911    3423 912
3422 913    3423 914
3422 915    3423 916
3422 917    3423 918
3422 919    3423 920
3422 921    3423 922
3422 923    3423 924
3422 925    3423 926
3422 927    3423 928
3422 929    3423 930
3422 931    3423 932
3422 933    3423 934
3422 935    3423 936
3422 937    3423 938
3422 939    3423 940
3422 941    3423 942
3422 943    3423 944
3422 945    3423 946
3422 947    3423 948
3422 949    3423 950
3422 951    3423 952
3422 953    3423 954
3422 955    3423 956
3422 957    3423 958
3422 959    3423 960
3422 961    3423 962
3422 963    3423 964
3422 965    3423 966
3422 967    3423 968
3422 969    3423 970
3422 971    3423 972
3422 973    3423 974
3422 975    3423 976
3422 977    3423 978
3422 979    3423 980
3422 981    3423 982
3422 983    3423 984
3422 985    3423 986
3422 987    3423 988
3422 989    3423 990
3422 991    3423 992
3422 993    3423 994
3422 995    3423 996
3422 997    3423 998
3422 999    3423 1000
3422 1001    3423 1002
3422 1003    3423 1004
3422 1005    3423 1006
3422 1007    3423 1008
3422 1009    3423 1010
3422 1011    3423 1012
3422 1013    3423 1014
3422 1015    3423 1016
3422 1017    3423 1018
3422 1019    3423 1020
3422 1021    3423 1022
3422 1023    3423 1024
3422 1025    3423 1026
3422 1027    3423 1028
3422 1029    3423 1030
3422 1031    3423 1032
3422 1033    3423 1034
3422 1035    3423 1036
3422 1037    3423 1038
3422 1039    3423 1040
3422 1041    3423 1042
3422 1043    3423 1044
3422 1045    3423 1046
3422 1047    3423 1048
3422 1049    3423 1050
3422 1051    3423 1052
3422 1053    3423 1054
3422 1055    3423 1056
3422 1057    3423 1058
3422 1059    3423 1060
3422 1061    3423 1062
3422 1063    3423 1064
3422 1065    3423 1066
3422 1067    3423 1068
3422 1069    3423 1070
3422 1071    3423 1072
3422 1073    3423 1074
3422 1075    3423 1076
3422 1077    3423 1078
3422 1079    3423 1080
3422 1081    3423 1082
3422 1083    3423 1084
3422 1085    3423 1086
3422 1087    3423 1088
3422 1089    3423 1090
3422 1091    3423 1092
3422 1093    3423 1094
3422 1095    3423 1096
3422 1097    3423 1098
3422 1099    3423 1100
3422 1101    3423 1102
3422 1103    3423 1104
3422 1105    3423 1106
3422 1107    3423 1108
3422 1109    3423 1110
3422 1111    3423 1112
3422 1113    3423 1114
3422 1115    3423 1116
3422 1117    3423 1118
3422 1119    3423 1120
3422 1121    3423 1122
3422 1123    3423 1124
3422 1125    3423 1126
3422 1127    3423 1128
3422 1129    3423 1130
3422 1131    3423 1132
3422 1133    3423 1134
3422 1135    3423 1136
3422 1137    3423 1138
3422 1139    3423 1140
3422 1141    3423 1142
3422 1143    3423 1144
3422 1145    3423 1146
3422 1147    3423 1148
3422 1149    3423 1150
3422 1151    3423 1152
3422 1153    3423 1154
3422 1155    3423 1156
3422 1157    3423 1158
3422 1159    3423 1160
3422 1161    3423 1162
3422 1163    3423 1164
3422 1165    3423 1166
3422 1167    3423 1168
3422 1169    3423 1170
3422 1171    3423 1172
3422 1173    3423 1174
3422 1175    3423 1176
3422 1177    3423 1178
3422 1179    3423 1180
3422 1181    3423 1182
3422 1183    3423 1184
3422 1185    3423 1186
3422 1187    3423 1188
3422 1189    3423 1190
3422 1191    3423 1192
3422 1193    3423 1194
3422 1195    3423 1196
3422 1197    3423 1198
3422 1199    3423 1200
3422 1201    3423 1202
3422 1203    3423 1204
3422 1205    3423 1206
3422 1207    3423 1208
3422 1209    3423 1210
3422 1211    3423 1212
3422 1213    3423 1214
3422 1215    3423 1216
3422 1217    3423 1218
3422 1219    3423 1220
3422 1221    3423 1222
3422 1223    3423 1224
3422 1225    3423 1226
3422 1227    3423 1228
3422 1229    3423 1230
3422 1231    3423 1232
3422 1233    3423 1234
3422 1235    3423 1236
3422 1237    3423 1238
3422 1239    3423 1240
3422 1241    3423 1242
3422 1243    3423 1244
3422 1245    3423 1246
3422 1247    3423 1248
3422 1249    3423 1250
3422 1251    3423 1252
3422 1253    3423 1254
3422 1255    3423 1256
3422 1257    3423 1258
3422 1259    3423 1260
3422 1261    3423 1262
3422 1263    3423 1264
3422 1265    3423 1266
3422 1267    3423 1268
3422 1269    3423 1270
3422 1271    3423 1272
3422 1273    3423 1274
3422 1275    3423 1276
3422 1277    3423 1278
3422 1279    3423 1280
3422 1281    3423 1282
3422 1283    3423 1284
3422 1285    3423 1286
3422 1287    3423 1288
3422 1289    3423 1290
3422 1291    3423 1292
3422 1293    3423 1294
3422 1295    3423 1296
3422 1297    3423 1298
3422 1299    3423 1300
3422 1301    3423 1302
3422 1303    3423 1304
3422 1305    3423 1306
3422 1307    3423 1308
3422 1309    3423 1310
3422 1311    3423 1312
3422 1313    3423 1314
3422 1315    3423 1316
3422 1317    3423 1318
3422 1319    3423 1320
3422 1321    3423 1322
3422 1323    3423 1324
3422 1325    3423 1326
3422 1327    3423 1328
3422 1329    3423 1330
3422 1331    3423 1332
3422 1333    3423 1334
3422 1335    3423 1336
3422 1337    3423 1338
3422 1339    3423 1340
3422 1341    3423 1342
3422 1343    3423 1344
3422 1345    3423 1346
3422 1347    3423 1348
3422 1349    3423 1350
3422 1351    3423 1352
3422 1353    3423 1354
3422 1355    3423 1356
3422 1357    3423 1358
3422 1359    3423 1360
3422 1361    3423 1362
3422 1363    3423 1364
3422 1365    3423 1366
3422 1367    3423 1368
3422 1369    3423 1370
3422 1371    3423 1372
3422 1373    3423 1374
3422 1375    3423 1376
3422 1377    3423 1378
3422 1379    3423 1380
3422 1381    3423 1382
3422 1383    3423 1384
3422 1385    3423 1386
3422 1387    3423 1388
3422 1389    3423 1390
3422 1391    3423 1392
3422 1393    3423 1394
3422 1395    3423 1396
3422 1397    3423 1398
3422 1399    3423 1400
3422 1401    3423 1402
3422 1403    3423 1404
3422 1405    3423 1406
3422 1407    3423 1408
3422 1409    3423 1410
3422 1411    3423 1412
3422 1413    3423 1414
3422 1415    3423 1416
3422 1417    3423 1418
3422 1419    3423 1420
3422 1421    3423 1422
3422 1423    3423 1424
3422 1425    3423 1426
3422 1427    3423 1428
3422 1429    3423 1430
3422 1431    3423 1432
3422 1433    3423 1434
3422 1435    3423 1436
3422 1437    3423 1438
3422 1439    3423 1440
3422 1441    3423 1442
3422 1443    3423 1444
3422 1445    3423 1446
3422 1447    3423 1448
3422 1449    3423 1450
3422 1451    3423 1452
3422 1453    3423 1454
3422 1455    3423 1456
3422 1457    3423 1458
3422 1459    3423 1460
3422 1461    3423 1462
3422 1463    3423 1464
3422 1465    3423 1466
3422 1467    3423 1468
3422 1469    3423 1470
3422 1471    3423 1472
3422 1473    3423 1474
3422 1475    3423 1476
3422 1477    3423 1478
3422 1479    3423 1480
3422 1481    3423 1482
3422 1483    3423 1484
3422 1485    3423 1486
3422 1487    3423 1488
3422 1489    3423 1490
3422 1491    3423 1492
3422 1493    3423 1494
3422 1495    3423 1496
3422 1497    3423 1498
3422 1499    3423 1500
3422 1501    3423 1502
3422 1503    3423 1504
3422 1505    3423 1506
3422 1507    3423 1508
3422 1509    3423 1510
3422 1511    3423 1512
3422 1513    3423 1514
3422 1515    3423 1516
3422 1517    3423 1518
3422 1519    3423 1520
3422 1521    3423 1522
3422 1523    3423 1524
3422 1525    3423 1526
3422 1527    3423 1528
3422 1529    3423 1530
3422 1531    3423 1532
3422 1533    3423 1534
3422 1535    3423 1536
3422 1537    3423 1538
3422 1539    3423 1540
3422 1541    3423 1542
3422 1543    3423 1544
3422 1545    3423 1546
3422 1547    3423 1548
3422 1549    3423 1550
3422 1551    3423 1552
3422 1553    3423 1554
3422 1555    3423 1556
3422 1557    3423 1558
3422 1559    3423 1560
3422 1561    3423 1562
3422 1563    3423 1564
3422 1565    3423 1566
3422 1567    3423 1568
3422 1569    3423 1570
3422 1571    3423 1572
3422 1573    3423 1574
3422 1575    3423 1576
3422 1577    3423 1578
3422 1579    3423 1580
3422 1581    3423 1582
3422 1583    3423 1584
3422 1585    3423 1586
3422 1587    3423 1588
3422 1589    3423 1590
3422 1591    3423 1592
3422 1593    3423 1594
3422 1595    3423 1596
3422 1597    3423 1598
3422 1599    3423 1600
3422 1601    3423 1602
3422 1603    3423 1604
3422 1605    3423 1606
3422 1607    3423 1608
3422 1609    3423 1610
3422 1611    3423 1612
3422 1613    3423 1614
3422 1615    3423 1616
3422 1617    3423 1618
3422 1619    3423 1620
3422 1621    3423 1622
INAMICI
flying 3114 1235    3193 1232 1 144