HITBOX
2473 3    2474 156
793 10    794 156
2130 155    2131 821
2132 155    2133 821
2183 155    2184 821
2540 672    2541 847
2980 672    2981 894
2614 726    2615 769
2688 726    2689 769
2762 726    2763 769
2836 726    2837 769
476 893    477 1974
3422 893    3423 1598
3174 1062    3175 1255
3367 1062    3368 1303
3925 1087    3926 1149
3731 1148    3732 2279
3001 1254    3002 1326
3070 1254    3071 1399
1882 1256    1883 1444
753 1257    754 1619
3139 1302    3140 1440
1140 1325    1141 1493
1321 1325    1322 1467
1790 1325    1791 1529
2474 1325    2475 1399
687 1358    688 1360
689 1358    690 1360
691 1358    692 1360
693 1358    694 1360
695 1358    696 1360
697 1358    698 1360
699 1358    700 1360
701 1358    702 1360
703 1358    704 1360
705 1358    706 1360
707 1358    708 1360
709 1358    710 1360
711 1358    712 1360
713 1358    714 1360
715 1358    716 1360
717 1358    718 1360
719 1358    720 1360
721 1358    722 1360
723 1358    724 1360
725 1358    726 1360
727 1358    728 1360
729 1358    730 1360
731 1358    732 1360
733 1358    734 1360
735 1358    736 1360
737 1358    738 1360
739 1358    740 1360
741 1358    742 1360
743 1358    744 1360
745 1358    746 1360
747 1358    748 1360
749 1358    750 1360
751 1358    752 1360
2416 1369    2417 1443
2368 1443    2369 1486
1265 1492    1266 1995
2416 1528    2417 1624
2534 1528    2535 1580
2700 1528    2701 1580
2866 1528    2867 1580
3032 1528    3033 1580
3032 1623    3033 1845
3282 1623    3283 2251
3450 1623    3451 1762
3617 1623    3618 1762
3702 1623    3703 2059
753 1667    754 1721
2700 1706    2701 1755
2745 1706    2746 1845
2866 1706    2867 1845
2911 1706    2912 1845
1543 1754    1544 1778
1993 1754    1994 2174
2209 1754    2210 2148
478 1770    479 1772
480 1770    481 1772
482 1770    483 1772
484 1770    485 1772
486 1770    487 1772
488 1770    489 1772
490 1770    491 1772
492 1770    493 1772
494 1770    495 1772
496 1770    497 1772
498 1770    499 1772
500 1770    501 1772
502 1770    503 1772
504 1770    505 1772
506 1770    507 1772
508 1770    509 1772
510 1770    511 1772
512 1770    513 1772
514 1770    515 1772
516 1770    517 1772
518 1770    519 1772
520 1770    521 1772
522 1770    523 1772
524 1770    525 1772
526 1770    527 1772
528 1770    529 1772
530 1770    531 1772
532 1770    533 1772
534 1770    535 1772
536 1770    537 1772
538 1770    539 1772
540 1770    541 1772
542 1770    543 1772
1543 1803    1544 2202
1739 1877    1740 1927
1854 1877    1855 1927
2096 1877    2097 2379
3066 1895    3067 2207
550 1909    551 1974
143 1917    144 1974
1682 1928    1683 1995
1797 1928    1798 1995
1334 1932    1335 2043
3179 1969    3180 2285
3421 1969    3422 2004
3536 1969    3537 2004
403 1973    404 2347
1103 1994    1104 2139
1739 1996    1740 2063
1854 1996    1855 2063
3364 2005    3365 2072
3478 2005    3479 2072
3593 2005    3594 2072
736 2021    737 2070
1230 2042    1231 2347
1682 2064    1683 2131
1797 2064    1798 2131
580 2069    581 2187
1049 2069    1050 2161
3421 2073    3422 2140
3536 2073    3537 2140
1739 2132    1740 2202
1854 2132    1855 2379
3364 2141    3365 2210
3478 2141    3479 2208
3593 2141    3594 2208
489 2154    490 2347
2562 2155    2563 2251
2680 2155    2681 2207
2846 2155    2847 2207
654 2186    655 2273
1994 2207    1995 2379
3421 2209    3422 2456
3536 2209    3537 2351
3369 2250    3370 2408
1196 2272    1197 2307
3281 2284    3282 2456
793 155    2133 156
2183 155    2474 156
2130 157    2133 158
2130 159    2133 160
2130 161    2133 162
2130 163    2133 164
2130 165    2133 166
2130 167    2133 168
2130 169    2133 170
2130 171    2133 172
2130 173    2133 174
2130 175    2133 176
2130 177    2133 178
2130 179    2133 180
2130 181    2133 182
2130 183    2133 184
2130 185    2133 186
2130 187    2133 188
2130 189    2133 190
2130 191    2133 192
2130 193    2133 194
2130 195    2133 196
2130 197    2133 198
2130 199    2133 200
2130 201    2133 202
2130 203    2133 204
2130 205    2133 206
2130 207    2133 208
2130 209    2133 210
2130 211    2133 212
2130 213    2133 214
2130 215    2133 216
2130 217    2133 218
2130 219    2133 220
2130 221    2133 222
2130 223    2133 224
2130 225    2133 226
2130 227    2133 228
2130 229    2133 230
2130 231    2133 232
2130 233    2133 234
2130 235    2133 236
2130 237    2133 238
2130 239    2133 240
2130 241    2133 242
2130 243    2133 244
2130 245    2133 246
2130 247    2133 248
2130 249    2133 250
2130 251    2133 252
2130 253    2133 254
2130 255    2133 256
2130 257    2133 258
2130 259    2133 260
2130 261    2133 262
2130 263    2133 264
2130 265    2133 266
2130 267    2133 268
2130 269    2133 270
2130 271    2133 272
2130 273    2133 274
2130 275    2133 276
2130 277    2133 278
2130 279    2133 280
2130 281    2133 282
2130 283    2133 284
2130 285    2133 286
2130 287    2133 288
2130 289    2133 290
2130 291    2133 292
2130 293    2133 294
2130 295    2133 296
2130 297    2133 298
2130 299    2133 300
2130 301    2133 302
2130 303    2133 304
2130 305    2133 306
2130 307    2133 308
2130 309    2133 310
2130 311    2133 312
2130 313    2133 314
2130 315    2133 316
2130 317    2133 318
2130 319    2133 320
2130 321    2133 322
2130 323    2133 324
2130 325    2133 326
2130 327    2133 328
2130 329    2133 330
2130 331    2133 332
2130 333    2133 334
2130 335    2133 336
2130 337    2133 338
2130 339    2133 340
2130 341    2133 342
2130 343    2133 344
2130 345    2133 346
2130 347    2133 348
2130 349    2133 350
2130 351    2133 352
2130 353    2133 354
2130 355    2133 356
2130 357    2133 358
2130 359    2133 360
2130 361    2133 362
2130 363    2133 364
2130 365    2133 366
2130 367    2133 368
2130 369    2133 370
2130 371    2133 372
2130 373    2133 374
2130 375    2133 376
2130 377    2133 378
2130 379    2133 380
2130 381    2133 382
2130 383    2133 384
2130 385    2133 386
2130 387    2133 388
2130 389    2133 390
2130 391    2133 392
2130 393    2133 394
2130 395    2133 396
2130 397    2133 398
2130 399    2133 400
2130 401    2133 402
2130 403    2133 404
2130 405    2133 406
2130 407    2133 408
2130 409    2133 410
2130 411    2133 412
2130 413    2133 414
2130 415    2133 416
2130 417    2133 418
2130 419    2133 420
2130 421    2133 422
2130 423    2133 424
2130 425    2133 426
2130 427    2133 428
2130 429    2133 430
2130 431    2133 432
2130 433    2133 434
2130 435    2133 436
2130 437    2133 438
2130 439    2133 440
2130 441    2133 442
2130 443    2133 444
2130 445    2133 446
2130 447    2133 448
2130 449    2133 450
2130 451    2133 452
2130 453    2133 454
2130 455    2133 456
2130 457    2133 458
2130 459    2133 460
2130 461    2133 462
2130 463    2133 464
2130 465    2133 466
2130 467    2133 468
2130 469    2133 470
2130 471    2133 472
2130 473    2133 474
2130 475    2133 476
2130 477    2133 478
2130 479    2133 480
2130 481    2133 482
2130 483    2133 484
2130 485    2133 486
2130 487    2133 488
2130 489    2133 490
2130 491    2133 492
2130 493    2133 494
2130 495    2133 496
2130 497    2133 498
2130 499    2133 500
2130 501    2133 502
2130 503    2133 504
2130 505    2133 506
2130 507    2133 508
2130 509    2133 510
2130 511    2133 512
2130 513    2133 514
2130 515    2133 516
2130 517    2133 518
2130 519    2133 520
2130 521    2133 522
2130 523    2133 524
2130 525    2133 526
2130 527    2133 528
2130 529    2133 530
2130 531    2133 532
2130 533    2133 534
2130 535    2133 536
2130 537    2133 538
2130 539    2133 540
2130 541    2133 542
2130 543    2133 544
2130 545    2133 546
2130 547    2133 548
2130 549    2133 550
2130 551    2133 552
2130 553    2133 554
2130 555    2133 556
2130 557    2133 558
2130 559    2133 560
2130 561    2133 562
2130 563    2133 564
2130 565    2133 566
2130 567    2133 568
2130 569    2133 570
2130 571    2133 572
2130 573    2133 574
2130 575    2133 576
2130 577    2133 578
2130 579    2133 580
2130 581    2133 582
2130 583    2133 584
2130 585    2133 586
2130 587    2133 588
2130 589    2133 590
2130 591    2133 592
2130 593    2133 594
2130 595    2133 596
2130 597    2133 598
2130 599    2133 600
2130 601    2133 602
2130 603    2133 604
2130 605    2133 606
2130 607    2133 608
2130 609    2133 610
2130 611    2133 612
2130 613    2133 614
2130 615    2133 616
2130 617    2133 618
2130 619    2133 620
2130 621    2133 622
2130 623    2133 624
2130 625    2133 626
2130 627    2133 628
2130 629    2133 630
2130 631    2133 632
2130 633    2133 634
2130 635    2133 636
2130 637    2133 638
2130 639    2133 640
2130 641    2133 642
2130 643    2133 644
2130 645    2133 646
2130 647    2133 648
2130 649    2133 650
2130 651    2133 652
2130 653    2133 654
2130 655    2133 656
2130 657    2133 658
2130 659    2133 660
2130 661    2133 662
2130 663    2133 664
2130 665    2133 666
2130 667    2133 668
2130 669    2133 670
2130 671    2133 672
2540 672    2981 673
2130 673    2133 674
2130 675    2133 676
2130 677    2133 678
2130 679    2133 680
2130 681    2133 682
2130 683    2133 684
2130 685    2133 686
2130 687    2133 688
2130 689    2133 690
2130 691    2133 692
2130 693    2133 694
2130 695    2133 696
2130 697    2133 698
2130 699    2133 700
2130 701    2133 702
2130 703    2133 704
2130 705    2133 706
2130 707    2133 708
2130 709    2133 710
2130 711    2133 712
2130 713    2133 714
2130 715    2133 716
2130 717    2133 718
2130 719    2133 720
2130 721    2133 722
2130 723    2133 724
2130 725    2133 726
2130 727    2133 728
2130 729    2133 730
2130 731    2133 732
2130 733    2133 734
2130 735    2133 736
2130 737    2133 738
2130 739    2133 740
2130 741    2133 742
2130 743    2133 744
2130 745    2133 746
2130 747    2133 748
2130 749    2133 750
2130 751    2133 752
2130 753    2133 754
2130 755    2133 756
2130 757    2133 758
2130 759    2133 760
2130 761    2133 762
2130 763    2133 764
2130 765    2133 766
2130 767    2133 768
2130 769    2133 770
2130 771    2133 772
2130 773    2133 774
2130 775    2133 776
2130 777    2133 778
2130 779    2133 780
2130 781    2133 782
2130 783    2133 784
2854 783    2981 784
2130 785    2133 786
2130 787    2133 788
2130 789    2133 790
2130 791    2133 792
2130 793    2133 794
2130 795    2133 796
2130 797    2133 798
2130 799    2133 800
2130 801    2133 802
2130 803    2133 804
2130 805    2133 806
2130 807    2133 808
2130 809    2133 810
2130 811    2133 812
2130 813    2133 814
2130 815    2133 816
2130 817    2133 818
2130 819    2133 820
2130 821    2133 822
533 893    712 894
836 893    2067 894
2225 893    2335 894
2480 893    2572 894
2670 893    3423 894
2573 941    2669 942
2573 989    2669 990
2787 990    2877 991
2916 1014    3006 1015
2573 1037    2669 1038
3045 1038    3135 1039
3174 1062    3368 1063
2573 1085    2669 1086
3422 1087    3926 1088
3159 1110    3255 1111
2573 1133    2669 1134
3731 1148    3926 1149
3159 1158    3255 1159
2476 1181    2572 1182
2670 1181    2766 1182
3159 1206    3255 1207
2379 1229    2475 1230
2573 1229    2669 1230
2767 1229    2863 1230
3001 1254    3027 1255
3070 1254    3255 1255
1790 1256    1883 1257
687 1257    754 1258
2476 1277    2572 1278
2670 1277    2766 1278
3055 1302    3086 1303
3130 1302    3368 1303
637 1321    680 1322
753 1325    1141 1326
1321 1325    1791 1326
1882 1325    2475 1326
2573 1325    2669 1326
2767 1325    3002 1326
3055 1350    3086 1351
687 1358    754 1359
687 1360    754 1361
2999 1398    3086 1399
637 1423    680 1424
2416 1442    3163 1443
1882 1443    2369 1444
687 1460    754 1461
476 1462    516 1463
1140 1492    1360 1493
1790 1528    2535 1529
2582 1528    2701 1529
2748 1528    2867 1529
2914 1528    3033 1529
476 1564    516 1565
714 1565    754 1566
714 1618    754 1619
2416 1623    2793 1624
2866 1623    2959 1624
3032 1623    3451 1624
3521 1623    3703 1624
714 1667    1005 1668
476 1669    543 1670
550 1706    593 1707
2700 1706    2746 1707
2866 1706    2912 1707
714 1720    754 1721
1543 1754    2701 1755
3450 1761    3618 1762
476 1770    543 1771
476 1772    543 1773
1463 1803    1574 1804
1660 1803    1945 1804
550 1808    593 1809
2745 1844    2867 1845
2911 1844    3033 1845
1265 1870    1335 1871
476 1872    543 1873
737 1877    833 1878
3066 1895    3283 1896
550 1909    593 1910
143 1917    362 1918
640 1925    736 1926
834 1925    930 1926
1319 1946    1350 1947
1334 1971    1544 1972
143 1973    639 1974
737 1973    833 1974
931 1973    1027 1974
2096 1973    2158 1974
1103 1994    1266 1995
1319 1994    1335 1995
640 2021    737 2022
834 2021    930 2022
1150 2042    1335 2043
3118 2050    3180 2051
449 2069    1050 2070
2209 2073    2416 2074
1150 2090    1231 2091
2096 2090    2158 2091
808 2128    962 2129
1854 2132    1942 2133
1150 2138    1231 2139
489 2154    524 2155
2562 2155    2681 2156
2728 2155    3067 2156
3118 2167    3180 2168
1906 2173    1994 2174
2096 2173    2303 2174
2394 2173    2492 2174
580 2186    655 2187
737 2186    1231 2187
1543 2201    1740 2202
1994 2207    2046 2208
3334 2209    3422 2210
2562 2250    2899 2251
2973 2250    3180 2251
3282 2250    3370 2251
774 2272    865 2273
912 2272    1031 2273
1078 2272    1197 2273
3536 2278    3732 2279
3179 2284    3282 2285
3281 2311    3337 2312
403 2346    1234 2347
3421 2350    3537 2351
3281 2359    3337 2360
1854 2378    2097 2379
3281 2407    3337 2408
3281 2455    3422 2456
INAMICI
flying 2454 1250    2784.5 1250 1 500
flying 2362 1200    2880 1200 1 500
flying 2455 1160    2800 1160 1 500
flying 2540 912    2540 1140 1 500
flying 2680 912    2680 1140 1 500
spike 3066.25 1371.5 3086.25 1371.5 3000.25 1371.5 1000 200 200 500 100 500
spike 3066.25 1322 3086.25 1322 3000.25 1322 800 200 200 500 100 500
spike 3066.25 1266.5 3086.25 1266.5 3000.25 1266.5 600 200 200 500 100 500
NPC
2418  1591    32 32
2948  737    32 48
898.375  2130    32 32
2424.25  2141.13    32 32
